13
14
14
14
15
15
1 4 5 16
20 16
6 2 8 4 16
3 2 1 3 3 3 17
4 2 1 11 1 1 18
2 1 1 1 16 1 19
2 1 1 23 19
5 16 2 8 20
2 3 13 2 1 8 21
8 11 2 1 3 5 22
18 1 2 2 5 28
17 2 1 2 3 2 7 8
13 2 2 2 1 2 1 3 6
12 2 2 2 1 2 3 3 5
11 1 2 2 1 2 1 3 1 3 1
11 1 1 2 2 2 2 2 3 1
12 2 1 3 2 1 2 3 3 1
8 1 1 1 6 1 1 2 4 4 2
7 3 1 4 2 1 1 2 5 3
8 1 1 1 1 1 1 1 1 4 1 5
6 2 2 1 1 1 2 1 1 2 2 4 2 2 4
5 4 1 1 2 1 1 1 2 4 1 3 2 1
4 4 1 2 1 1 1 2 5 2 6 1
6 1 1 1 2 1 1 1 2 5 1 3 3
3 1 1 3 2 1 1 1 2 5 1 1 1 2
4 1 1 12 2 1 1 2 1 8 1 4
6 2 1 12 3 1 3 7 4 2
7 1 1 7 3 2 6 8 5 2
5 2 2 3 2 1 7 6 8 8
6 1 2 3 3 2 15 8 7
7 1 2 4 3 3 1 1 17 6 5
6 1 7 2 3 1 1 13 6 3
8 11 1 3 1 8 8 1
22 1 3 1 5 10 2
1 23 6 2 11 2
2 31 1 13 1
2 31 1 15 2
3 44 25
4 40 23
5 7 29 4 22
6 5 28 7 21
7 7 19 10 21
10 21 14 20
12 6 4 19 19
20 22 18
56 17
57 17
57 17
57 16

15 15
12 14
23 12
14 11 11
13 1 11 10
12 1 2 9 9
13 1 9 8
12 2 8 7
3 8 3 9 7
2 10 1 2 8 7
1 10 1 3 1 1 8 6
3 23 10 6
2 4 11 5
2 1 5 8 2 5
1 1 4 8 9 3 5
3 4 2 13 5
2 4 12 5
2 5 13 5
4 6 3 11 1 5
2 4 5 15 5
1 5 2 20 4
2 3 2 12 4
2 6 11 4
1 5 11 4
4 3 1 3 10 4
4 4 7 1 17 4
4 3 9 1 6 9 4
3 7 4 5 9 4
9 1 4 15 4
8 7 20 4
8 10 19 4
3 5 2 3 10 4
2 4 1 3 2 15 4
2 3 3 3 1 8 5
2 4 3 2 6 5
2 4 3 5 6
2 3 2 1 5 6
1 3 2 1 2 6 6
1 2 2 3 4 6
5 2 1 6 4 7
1 3 2 15 4 7
1 8 7 5 5 7
8 12 7
6 2 6 4 8
3 1 2 5 4 8
2 2 21 4 9
3 2 4 7 3 9
3 1 1 17 4 10
3 2 2 7 4 10
3 1 2 7 4 10
3 1 6 5 5 10
3 1 3 5 9
3 6 1 7 8
5 5 1 8 6
6 1 10 5
7 1 12 4
6 3 8 7 3
7 3 8 8
8 20 11
11 18 12
13 16 12
16 14 12
17 1 8 12
17 2 4 12
17 3 3 12
17 4 12
17 12
18 2 3 12
18 13 12
18 7 8 12
18 4 10 2 12
18 2 5 6 2 12
18 7 3 12
18 1 7 13
18 4 3 13
